1 190 227

1 227 345

1 345 395

1 1494 1511

1 1511 1562

1 1975 2255
2 2037 2192

1 3008 3269
2 3104 3228

1 4052 4228

0 5421 5724
1 5563 5866
2 5597 5849
3 5533 5674

0 5693 5774
1 5696 5793
2 5685 5775

1 6484 6589
2 6503 6586

1 7341 7413

0 7292 7449
1 7155 7449
2 7297 7449

1 7968 8044
2 8023 8068

0 9293 9373
1 9293 9373
2 9293 9342

1 12529 12583
2 12510 12577

0 12707 12762
1 12707 12762
2 12729 12762
3 12725 12741

1 12916 12960
2 12905 12958

0 12950 13078
1 12960 13104
2 12958 13098

0 15752 15898
1 15660 15898
2 15703 15860
2 15872 15910
3 15821 15851

0 18324 18416
2 18331 18424
3 18317 18408

0 20693 20720
2 20708 20733
3 20690 20718

0 20720 20853
2 20733 20783
2 20833 20896
3 20718 20765

0 20972 21024
2 20996 21034
3 20972 21028

0 21024 21141
2 21034 21053
2 21106 21153

0 22887 23044
3 22953 22984

0 24264 24466
3 24334 24464

0 24466 24510
3 24464 24510

0 24896 24964

0 30918 31006
3 31008 31048

0 31006 31124

0 31286 31374
3 31353 31374

0 31374 31396

0 31635 31659

0 31659 31720
3 31652 31753

0 31720 31748
3 31753 31748

0 32039 32064
3 32038 32064

0 32064 32140
3 32064 32114